d
1.2085158153051698
0.9565646721438236
0.9144609125397933
0.905473206358882
1.0867932455574663
0.9594311816467453
0.895841970193207
0.9710901694275895
0.837792971201488
0.853267435436382
1.0994363240953904
1.1132069163063516
1.0611588288733325
1.1094738110976075
1.0947421141506006
1.0773106850841994
0.8056481845358405
1.1038493750859382
1.0550603663266647
1.0614400999845897
0.9585939899176292
0.9379611532661243
1.0395379085646042
1.132781086155857
0.9488732140245641
0.7919780315694176
0.9428412560150057
1.0072363079033444
1.0189420626814065
1.0475458834822626
0.8776582566189807
0.9137422634787262
0.9305568378276812
1.0579383380654956
0.724160597333506
0.9495472844722868
1.1387807457661614
0.8737347744091308
1.0567620789139058
1.0229017585263662
0.9506655893286117
0.8877874231818094
0.9963268719792906
0.8460485545933518
0.9150092966510337
0.9019585998569873
1.130348569255537
0.9638844968720424
1.0940473286287797
0.8793041325695352
1.0253669107681413
1.0988729056615902
1.0122461664964912
0.9853929806839266
1.038063955526785
0.8044257311980868
1.0654944223013905
0.9621889741285055
1.0268800166337408
1.0740411433279988
0.9916084251039576
1.0549697927468318
1.1220161910967024
1.0971649691717034
1.0399767666419937
0.8535171812932021
0.8610983509697712
0.915229218109592
0.8388600713667
1.119819968776767
1.0214219967962974
1.1680470132720593
0.9482980343712464
0.9536997616640109
0.9853852508092577
0.9969838024157058
1.1811996966304645
0.8661307322416207
0.9415193780999902
0.8768672829496944
0.9120577385902905
1.066699214935967
1.0241683440570175
1.0808337206911498
0.827008091496245
1.00986438214942
1.0563460070823172
0.9686578188516194
1.006788214526036
0.9970575296571217
0.824107407799537
1.0250778843273696
1.1287795949292714
0.8822973903780891
1.0413003287377387
0.8431063384720846
0.9434041086874025
0.987067057656043
0.9093856553840657
0.6212629732654995
